 === Showing param === 
 NB_LINES:           3
 NB_RULES:           4
 NB_FAM:          2
 NB_SIM:          0
 ALPHA:           2
 SEGM_STRAT:      0
 HOMEMADE_RULES:  0
 DISTANCE_RULE:   3600
 ANGLES   330 15 145 195
 DELTA_OR / DELTA_DIST:   0	0

2020-Apr-03 15:53:52
	 nb edge fam 1: 21	nb edge fam 2: 15

Inter_Section_2_3_Fs03_fault	25483.7	120174	2379
Inter_Section_2_3_Fs05_fault	23075	119531	3315.03
Inter_Section_2_3_F62_fault	25209.9	120101	3019.54
Inter_Section_1_3_F63_fault	25421.5	117156	2981.83
Inter_Section_2_3_F58_fault	28322.3	120931	2835.77
Inter_Section_2_3_F59_fault	28065.1	120862	3324.94
Inter_Section_2_3_F65_fault	24668.8	119956	2819.68
Inter_Section_2_3_F68_fault	24076.3	119798	3316
Inter_Section_2_3_Fs07_fault	23572.4	119664	4088.95
Inter_Section_2_3_Fs01_fault	25170.2	120090	2480.3
Inter_Section_0_3_Fs08_fault	25072.4	114061	3156.41
Inter_Section_2_3_Fs06_fault	23947.9	119764	3954.08
Inter_Section_1_3_F60_fault	28486.4	117973	3563.47
Inter_Section_0_3_F73_fault	28127.6	114876	3108.05
Inter_Section_1_3_F72ter_fault	25276.2	117117	4615.66
Inter_Section_2_3_F61_fault	25424.9	120158	3116.26
Inter_Section_2_3_Fs02_fault	24892.6	120016	2821.33
Inter_Section_0_3_F72_fault	25827.2	114263	3841.55
Inter_Section_1_3_F72_fault	26186.1	117360	3279.83
Inter_Section_0_3_F72bis_fault	25566.4	114193	4366.19
Inter_Section_1_3_F72bis_fault	25114.8	117074	4582.94
Inter_Section_1_3_F69_fault	23952.4	116764	3286.97
Inter_Section_2_3_Fs04_fault	24977.9	120039	2577.68
Inter_Section_0_3_F70_fault	25543.2	114187	3395.14
Inter_Section_1_3_F69bis_fault	24812.9	116993	4446.8


-1	0	0	0.136118	0	0	0	0	0	0	0	0	0	0	0	0	0	0	0	0	0	0	0	0	0	
0	-1	0	0	0	0	0	0	0	0	0	0	0	0	0	0	0	0	0	0	0	0	0	0	0	
0	0	-1	0	0	0	0	0	0	0	0	0	0	0	0	0	0	0	0	0	0	0	0	0	0	
0.136118	0	0	-1	0	0	0.184109	0.119144	0	0.163477	0.0554299	0	0	0	0	0	0.177788	0	0	0	0	0	0.175189	0	0	
0	0	0	0	-1	0	0	0	0	0	0	0	0.133803	0	0	0	0	0	0	0	0	0	0	0	0	
0	0	0	0	0	-1	0	0	0	0	0	0	0.138662	0	0	0	0	0	0	0	0	0	0	0	0	
0	0	0	0.184109	0	0	-1	0	0	0	0	0	0	0	0	0	0	0	0	0	0	0.0426828	0	0	0.149167	
0	0	0	0.119144	0	0	0	-1	0	0	0	0	0	0	0	0	0	0	0	0	0	0.0818038	0	0	0.170645	
0	0	0	0	0	0	0	0	-1	0	0	0	0	0	0	0	0	0	0	0	0	0.159005	0	0	0.149563	
0	0	0	0.163477	0	0	0	0	0	-1	0	0	0	0	0	0	0	0	0	0	0	0	0	0	0	
0	0	0	0.0554299	0	0	0	0	0	0	-1	0	0	0	0	0	0	0	0	0	0	0.158607	0	0	0.138239	
0	0	0	0	0	0	0	0	0	0	0	-1	0	0	0	0	0	0	0	0	0	0.127373	0	0	0.176947	
0	0	0	0	0.133803	0.138662	0	0	0	0	0	0	-1	0	0	0	0	0	0	0	0	0	0	0	0	
0	0	0	0	0	0	0	0	0	0	0	0	0	-1	0	0	0	0	0	0	0	0	0	0	0	
0	0	0	0	0	0	0	0	0	0	0	0	0	0	-1	0	0	0	0	0	0	0	0	0	0	
0	0	0	0	0	0	0	0	0	0	0	0	0	0	0	-1	0	0	0	0	0	0	0	0	0	
0	0	0	0.177788	0	0	0	0	0	0	0	0	0	0	0	0	-1	0	0	0	0	0	0	0	0.131571	
0	0	0	0	0	0	0	0	0	0	0	0	0	0	0	0	0	-1	0	0	0	0	0	0	0	
0	0	0	0	0	0	0	0	0	0	0	0	0	0	0	0	0	0	-1	0	0	0	0	0	0	
0	0	0	0	0	0	0	0	0	0	0	0	0	0	0	0	0	0	0	-1	0	0	0	0	0	
0	0	0	0	0	0	0	0	0	0	0	0	0	0	0	0	0	0	0	0	-1	0	0	0	0	
0	0	0	0	0	0	0.0426828	0.0818038	0.159005	0	0.158607	0.127373	0	0	0	0	0	0	0	0	0	-1	0	0	0	
0	0	0	0.175189	0	0	0	0	0	0	0	0	0	0	0	0	0	0	0	0	0	0	-1	0	0.126815	
0	0	0	0	0	0	0	0	0	0	0	0	0	0	0	0	0	0	0	0	0	0	0	-1	0	
0	0	0	0	0	0	0.149167	0.170645	0.149563	0	0.138239	0.176947	0	0	0	0	0.131571	0	0	0	0	0	0.126815	0	-1	


-1	0	0	0	0	0	0	0	0	0	0	0	0	0	0	0	0	0	0	0	0	0	0	0	0	
0	-1	0	0	0	0	0	0	0	0	0	0	0	0	0	0	0	0	0	0	0	0	0	0	0	
0	0	-1	0	0	0	0	0	0	0	0	0	0	0	0.143307	0	0	0	0.152756	0	0.123045	0	0	0	0	
0	0	0	-1	0	0	0	0	0	0	0	0	0	0	0	0	0	0	0	0	0	0	0	0	0	
0	0	0	0	-1	0	0	0	0	0	0	0	0	0	0	0	0	0	0	0	0	0	0	0	0	
0	0	0	0	0	-1	0	0	0	0	0	0	0	0	0	0	0	0	0	0	0	0	0	0	0	
0	0	0	0	0	0	-1	0	0	0	0	0	0	0	0	0	0	0	0	0	0	0	0	0	0	
0	0	0	0	0	0	0	-1	0	0	0	0	0	0	0	0	0	0	0	0	0	0	0	0	0	
0	0	0	0	0	0	0	0	-1	0	0	0	0	0	0	0	0	0	0	0	0	0	0	0	0	
0	0	0	0	0	0	0	0	0	-1	0	0	0	0	0	0	0	0	0	0	0	0	0	0	0	
0	0	0	0	0	0	0	0	0	0	-1	0	0	0	0	0	0	0	0	0	0	0	0	0	0	
0	0	0	0	0	0	0	0	0	0	0	-1	0	0	0	0	0	0	0	0	0	0	0	0	0	
0	0	0	0	0	0	0	0	0	0	0	0	-1	0	0	0	0	0	0	0	0	0	0	0	0	
0	0	0	0	0	0	0	0	0	0	0	0	0	-1	0	0	0	0	0	0	0	0	0	0	0	
0	0	0.143307	0	0	0	0	0	0	0	0	0	0	0	-1	0.102877	0	0.152356	0	0.151232	0	0	0	0.152937	0	
0	0	0	0	0	0	0	0	0	0	0	0	0	0	0.102877	-1	0	0	0.159352	0	0.0773256	0	0	0	0	
0	0	0	0	0	0	0	0	0	0	0	0	0	0	0	0	-1	0	0	0	0	0	0	0	0	
0	0	0	0	0	0	0	0	0	0	0	0	0	0	0.152356	0	0	-1	0.00672131	0	0.163863	0	0	0	0	
0	0	0.152756	0	0	0	0	0	0	0	0	0	0	0	0	0.159352	0	0.00672131	-1	0.0046178	0	0	0	0.00781755	0	
0	0	0	0	0	0	0	0	0	0	0	0	0	0	0.151232	0	0	0	0.0046178	-1	0.162895	0	0	0	0	
0	0	0.123045	0	0	0	0	0	0	0	0	0	0	0	0	0.0773256	0	0.163863	0	0.162895	-1	0	0	0.164364	0	
0	0	0	0	0	0	0	0	0	0	0	0	0	0	0	0	0	0	0	0	0	-1	0	0	0	
0	0	0	0	0	0	0	0	0	0	0	0	0	0	0	0	0	0	0	0	0	0	-1	0	0	
0	0	0	0	0	0	0	0	0	0	0	0	0	0	0.152937	0	0	0	0.00781755	0	0.164364	0	0	-1	0	
0	0	0	0	0	0	0	0	0	0	0	0	0	0	0	0	0	0	0	0	0	0	0	0	-1	



